     0/299     2.32G    0.1074   0.06047         0    0.1679         4       416         0         0  0.005389  0.001108   0.08495   0.03992         0
     1/299      2.6G   0.09535    0.0665         0    0.1619         7       416         0         0  0.004172 0.0008548   0.07544    0.0416         0
     2/299      2.6G   0.09249    0.0631         0    0.1556         4       416         0         0  0.002957 0.0005485   0.07334   0.04126         0
     3/299      2.6G     0.089   0.06084         0    0.1498         3       416         0         0  0.004023 0.0007672   0.07232   0.04126         0
     4/299      2.6G   0.09045   0.06893         0    0.1594         7       416         0         0  0.004056 0.0008514   0.07321   0.04049         0
     5/299      2.6G   0.08949   0.06746         0     0.157         6       416         0         0   0.01323   0.00204   0.07253   0.04074         0
     6/299      2.6G   0.08806   0.06867         0    0.1567         8       416         0         0  0.006815  0.001923   0.07299   0.04035         0
     7/299      2.6G   0.08626   0.06405         0    0.1503         2       416         0         0    0.0082  0.002029   0.07264   0.04041         0
     8/299      2.6G   0.08787   0.07282         0    0.1607        11       416         0         0  0.006812   0.00129   0.07305   0.04016         0
     9/299      2.6G   0.08781   0.06638         0    0.1542         7       416         0         0   0.01053  0.001725   0.07304    0.0398         0
    10/299      2.6G   0.08583    0.0649         0    0.1507         5       416         0         0   0.01398  0.002495   0.07226   0.04027         0
    11/299      2.6G   0.08366   0.06678         0    0.1504         4       416         0         0   0.01842  0.002879   0.07213   0.04019         0
    12/299      2.6G   0.08436   0.06999         0    0.1543         5       416         0         0   0.01056  0.002259   0.07249   0.04001         0
    13/299      2.6G   0.08596   0.06925         0    0.1552         7       416         0         0    0.0155  0.003662   0.07164   0.04034         0
    14/299      2.6G   0.08532   0.06768         0     0.153         5       416         0         0   0.01601  0.003911   0.07229   0.03966         0
    15/299      2.6G   0.08266   0.06668         0    0.1493         4       416         0         0   0.02981  0.004848    0.0709    0.0398         0
    16/299      2.6G   0.08335   0.07066         0     0.154         5       416   0.08405    0.1957   0.05186  0.009982    0.0709   0.04034         0
    17/299      2.6G   0.08353   0.07138         0    0.1549         9       416   0.05082    0.2935   0.07865   0.01911   0.06841   0.04199         0
    18/299      2.6G   0.08572   0.06777         0    0.1535         6       416   0.07571      0.25   0.05522  0.009511   0.07034   0.03932         0
    19/299      2.6G   0.08214   0.06363         0    0.1458         8       416   0.06959    0.2609   0.04716  0.006758    0.0699   0.03925         0
    20/299      2.6G    0.0826   0.06797         0    0.1506         8       416   0.05653    0.3913   0.05087  0.009016   0.06955   0.03961         0
    21/299      2.6G     0.083   0.06767         0    0.1507        11       416   0.07012    0.5109   0.08666   0.01593   0.06918   0.03936         0
    22/299      2.6G    0.0793   0.06695         0    0.1463         7       416   0.05584    0.6196   0.06981   0.01314   0.06622   0.04369         0
    23/299      2.6G   0.08021   0.06838         0    0.1486        11       416   0.04913    0.5109   0.05797   0.01029   0.06888   0.04055         0
    24/299      2.6G   0.08041   0.06574         0    0.1461        10       416   0.07573    0.5109    0.0964   0.01862   0.06689   0.03997         0
    25/299      2.6G   0.07746   0.05837         0    0.1358         5       416     0.076    0.5652     0.119   0.02149   0.06585   0.03983         0
    26/299      2.6G   0.07812   0.06462         0    0.1427         5       416   0.04882     0.663    0.1259   0.02765   0.06596   0.04617         0
    27/299      2.6G   0.07831   0.06304         0    0.1414         8       416   0.08525    0.6304    0.1388   0.02479   0.06178    0.0411         0
    28/299      2.6G   0.07844   0.06954         0     0.148        12       416   0.09297     0.587    0.1338   0.02844   0.06316   0.03993         0
    29/299      2.6G   0.07785   0.06407         0    0.1419         8       416   0.07442    0.5435     0.115   0.02123   0.06515   0.03706         0
    30/299      2.6G   0.07551   0.06436         0    0.1399         8       416   0.07343    0.5217    0.1245   0.02268   0.06315    0.0399         0
    31/299      2.6G   0.07519     0.066         0    0.1412        11       416   0.09306    0.4022    0.1664   0.03557   0.06276   0.03783         0
    32/299      2.6G   0.07372   0.06764         0    0.1414        11       416   0.07964    0.5978    0.1431   0.02627   0.06082   0.04122         0
    33/299      2.6G   0.07368   0.06409         0    0.1378         9       416   0.07386    0.4891   0.09801   0.01812    0.0643    0.0383         0
    34/299      2.6G   0.07376   0.06681         0    0.1406        11       416    0.1045    0.4565    0.1205   0.02678   0.06559   0.03613         0
    35/299      2.6G   0.07153   0.06843         0      0.14        11       416   0.06691    0.5435    0.1668   0.03561   0.06085   0.04101         0
    36/299      2.6G    0.0701   0.06132         0    0.1314         2       416    0.1482    0.5543    0.2527   0.05102   0.06001   0.03768         0
    37/299      2.6G    0.0705   0.06721         0    0.1377        11       416    0.1085    0.4348    0.1695   0.03412   0.06121   0.03629         0
    38/299      2.6G   0.07164   0.06149         0    0.1331         7       416    0.1345    0.5978     0.213   0.05634   0.05696   0.03786         0
    39/299      2.6G   0.06961   0.06029         0    0.1299         4       416    0.1533    0.5435    0.2271   0.04813   0.05755   0.03675         0
    40/299      2.6G   0.06983   0.06682         0    0.1367        11       416     0.108      0.75    0.3225   0.07124    0.0557   0.04105         0
    41/299      2.6G   0.06902   0.06205         0    0.1311         5       416   0.06965     0.663    0.2125   0.04429   0.05981   0.04265         0
    42/299      2.6G   0.06699   0.06353         0    0.1305         6       416   0.09319     0.663    0.2231   0.04637     0.057   0.04127         0
    43/299      2.6G   0.06482   0.06816         0     0.133        10       416    0.1544    0.5326    0.1955   0.03005   0.05548   0.03925         0
    44/299      2.6G   0.06802   0.06456         0    0.1326         7       416    0.1364    0.5978    0.3254    0.0939   0.05555    0.0381         0
    45/299      2.6G   0.06626   0.05997         0    0.1262         5       416    0.1367    0.6196    0.3402   0.09381   0.05471    0.0381         0
    46/299      2.6G   0.06767   0.05886         0    0.1265         4       416    0.1125    0.6522    0.3356   0.08744   0.05378   0.04223         0
    47/299      2.6G   0.06394   0.06015         0    0.1241         3       416    0.1138    0.6739    0.2343   0.06021   0.05629   0.04072         0
    48/299      2.6G   0.06472   0.06312         0    0.1278         4       416    0.1348    0.6413    0.3263   0.08283   0.05246   0.04004         0
    49/299      2.6G   0.06491    0.0657         0    0.1306        11       416    0.1395    0.6848     0.345   0.09131   0.05308   0.03875         0
    50/299      2.6G    0.0667   0.06492         0    0.1316         6       416   0.09109    0.7826    0.2608   0.06811   0.05046   0.04321         0
    51/299      2.6G   0.06449   0.06272         0    0.1272         8       416    0.1708    0.6413    0.3883    0.1066   0.04915   0.03819         0
    52/299      2.6G   0.06131   0.05953         0    0.1208         2       416    0.1354    0.6196    0.3658   0.08173    0.0553   0.04031         0
    53/299      2.6G   0.06491   0.05999         0    0.1249         6       416     0.146    0.6739    0.3343   0.09448   0.05197   0.03838         0
    54/299      2.6G   0.06235   0.06443         0    0.1268         6       416    0.1861    0.6848    0.4068    0.1106   0.05053   0.03687         0
    55/299      2.6G   0.06039   0.05995         0    0.1203         3       416    0.1009    0.6522    0.2235   0.05253   0.05279   0.03939         0
    56/299      2.6G   0.06105   0.06244         0    0.1235         7       416    0.1812    0.6739    0.3439   0.08429   0.04718   0.03948         0
    57/299      2.6G   0.06034   0.06241         0    0.1228         7       416    0.1666    0.7065    0.4336    0.1139   0.04805   0.03892         0
    58/299      2.6G   0.05948   0.06101         0    0.1205         4       416   0.09376    0.5652    0.2336   0.06741   0.05598   0.03993         0
    59/299      2.6G   0.06172   0.05978         0    0.1215         3       416    0.1712    0.6957    0.4667    0.1578   0.04983   0.03701         0
    60/299      2.6G   0.06175   0.06141         0    0.1232         7       416     0.126    0.7239    0.3912    0.1073   0.04693   0.04224         0
    61/299      2.6G   0.06022   0.05931         0    0.1195         6       416    0.1736    0.5978    0.3435   0.09995   0.04947   0.03841         0
    62/299      2.6G   0.06117   0.06775         0    0.1289        10       416    0.1591    0.6846    0.3223   0.08314    0.0476   0.03775         0
    63/299      2.6G   0.05997   0.06275         0    0.1227         9       416      0.19    0.5109       0.2    0.0453   0.05175   0.03761         0
    64/299      2.6G    0.0614   0.06545         0    0.1268         8       416    0.1562    0.7283    0.3882    0.1063   0.04639   0.03781         0
    65/299      2.6G     0.056   0.06109         0    0.1171         6       416    0.2385    0.6848    0.4779    0.1611   0.04669   0.03563         0
    66/299      2.6G   0.05759   0.05973         0    0.1173         4       416     0.164     0.587    0.2508   0.07174    0.0489   0.03883         0
    67/299      2.6G   0.05857    0.0626         0    0.1212        10       416   0.09023    0.7609    0.4368    0.1394   0.04695   0.04415         0
    68/299      2.6G    0.0579   0.06209         0      0.12        10       416    0.1099    0.7183    0.4009    0.1166   0.04673   0.04498         0
    69/299      2.6G   0.05726   0.06416         0    0.1214         6       416    0.0512    0.7065    0.3239   0.08633   0.05652   0.05024         0
    70/299      2.6G   0.05608   0.06087         0    0.1169         5       416    0.1508    0.7065    0.4363    0.1445   0.04488   0.03966         0
    71/299      2.6G   0.05519   0.06386         0     0.119         9       416    0.1247    0.7391    0.4007    0.1364   0.04574   0.04025         0
    72/299      2.6G   0.05518   0.06446         0    0.1196        10       416    0.1562    0.6848    0.3785    0.1075   0.04864   0.03682         0
    73/299      2.6G   0.05803    0.0636         0    0.1216        12       416    0.2079    0.6304    0.3666    0.1086   0.04787   0.03508         0
    74/299      2.6G    0.0556   0.06432         0    0.1199         8       416    0.2276    0.6848    0.4187    0.1441   0.04733   0.03553         0
    75/299      2.6G   0.05747   0.06121         0    0.1187        10       416    0.1275      0.75    0.4261     0.149   0.04517   0.03989         0
    76/299      2.6G    0.0555   0.06344         0    0.1189        10       416    0.1254    0.7065    0.3724     0.116   0.04735   0.04034         0
    77/299      2.6G   0.05328   0.05914         0    0.1124         3       416    0.1645    0.7174    0.4916    0.1685    0.0441   0.03728         0
    78/299      2.6G   0.05343   0.05965         0    0.1131         4       416    0.1898      0.75    0.5206    0.1726   0.04458   0.03535         0
    79/299      2.6G   0.05518   0.06227         0    0.1175        11       416    0.2278    0.7283    0.4464    0.1114   0.04492   0.03418         0
    80/299      2.6G   0.05382   0.05683         0    0.1106         7       416    0.2629    0.7326    0.5906    0.2106   0.04061    0.0346         0
    81/299      2.6G   0.05314   0.06158         0    0.1147         9       416    0.2082    0.6717    0.4769    0.1513   0.04456   0.03686         0
    82/299      2.6G    0.0528   0.06007         0    0.1129         4       416    0.1914    0.7391    0.5451     0.206   0.04283   0.03464         0
    83/299      2.6G    0.0532   0.06289         0    0.1161        11       416    0.2113    0.6848    0.4659    0.1518   0.04649   0.03482         0
    84/299      2.6G   0.05427   0.06073         0     0.115        10       416     0.242    0.7826     0.592    0.2331   0.04243   0.03254         0
    85/299      2.6G   0.05032    0.0566         0    0.1069         7       416    0.2117    0.7851    0.4867    0.1971   0.04255   0.03487         0
    86/299      2.6G   0.05281   0.06414         0     0.117         7       416    0.1863    0.8913    0.5755      0.22   0.04019   0.03735         0
    87/299      2.6G   0.05181   0.05914         0     0.111        10       416    0.1915    0.8587    0.5979    0.2209   0.04004   0.03656         0
    88/299      2.6G   0.05123   0.06065         0    0.1119         8       416    0.2337    0.7609    0.5544    0.2126   0.03991   0.03402         0
    89/299      2.6G   0.05132   0.05694         0    0.1083         6       416    0.2081    0.8696    0.6522    0.2399   0.04038   0.03501         0
    90/299      2.6G   0.05147    0.0632         0    0.1147         9       416    0.2435    0.8152    0.5901    0.2284   0.03952   0.03508         0
    91/299      2.6G   0.04923   0.05604         0    0.1053         3       416    0.3385    0.7826    0.6174    0.2351   0.03937   0.03197         0
    92/299      2.6G   0.04835   0.05542         0    0.1038         3       416    0.3098    0.8152     0.714    0.2803   0.03807   0.03174         0
    93/299      2.6G   0.05227   0.05715         0    0.1094         7       416    0.2897    0.7609    0.5986    0.2393   0.04175   0.03182         0
    94/299      2.6G   0.04922   0.06566         0    0.1149        12       416    0.2953    0.7717      0.59    0.2186   0.04007   0.03161         0
    95/299      2.6G   0.05052   0.05564         0    0.1062         7       416    0.3372    0.6739    0.4708    0.1898   0.04257   0.03135         0
    96/299      2.6G   0.04886    0.0564         0    0.1053         6       416    0.3032    0.8261    0.6622    0.2462   0.03921    0.0314         0
    97/299      2.6G   0.05107   0.05623         0    0.1073         6       416    0.2753     0.837    0.6579     0.238   0.03996   0.03197         0
    98/299      2.6G   0.04935   0.05903         0    0.1084         9       416    0.2426    0.8587    0.6362    0.2463   0.04232   0.03211         0
    99/299      2.6G   0.05071   0.05786         0    0.1086        10       416    0.3545    0.6739    0.6246    0.2543   0.04004   0.03142         0
   100/299      2.6G   0.04819   0.05444         0    0.1026         6       416    0.3063    0.6739    0.6125    0.2697   0.04012   0.03156         0
   101/299      2.6G   0.04803   0.05564         0    0.1037         5       416      0.25     0.837     0.676    0.3008   0.03832    0.0328         0
   102/299      2.6G   0.04818   0.05772         0    0.1059         9       416     0.248    0.8261    0.6353     0.282   0.03845   0.03287         0
   103/299      2.6G    0.0486   0.05836         0     0.107        10       416    0.2465    0.8478    0.6535    0.2542   0.03823   0.03252         0
   104/299      2.6G   0.04778   0.05698         0    0.1048         7       416    0.2503    0.8804    0.7042    0.3206   0.03504   0.03206         0
   105/299      2.6G   0.04795   0.05893         0    0.1069         8       416    0.3232    0.8587    0.7254    0.3163   0.03556   0.03133         0
   106/299      2.6G   0.04801   0.05692         0    0.1049         8       416    0.2874    0.8696    0.6853    0.2775   0.03645   0.03144         0
   107/299      2.6G   0.04974    0.0546         0    0.1043         3       416    0.4593    0.8587    0.7625    0.3239   0.03468   0.03075         0
   108/299      2.6G   0.04608    0.0561         0    0.1022         6       416    0.3851    0.8478    0.7697    0.3354   0.03477   0.02944         0
   109/299      2.6G   0.04641   0.05419         0    0.1006         3       416    0.4439    0.8152     0.721    0.3326   0.03463   0.02962         0
   110/299      2.6G   0.04726    0.0567         0     0.104         7       416    0.4632    0.8261    0.7487    0.3344   0.03458   0.02936         0
   111/299      2.6G   0.04755   0.05625         0    0.1038        11       416    0.5292    0.7935    0.7523    0.3772   0.03354   0.02958         0
   112/299      2.6G   0.04786   0.05779         0    0.1056         8       416    0.3974    0.8152    0.6768    0.3164    0.0342   0.03081         0
   113/299      2.6G    0.0482   0.05685         0    0.1051         8       416    0.3862    0.7826    0.6594    0.2913   0.03606   0.03091         0
   114/299      2.6G   0.04659   0.05276         0   0.09935         4       416    0.4166    0.8043     0.726    0.3402   0.03456   0.02954         0
   115/299      2.6G   0.04695   0.05402         0     0.101         5       416    0.3164    0.9022    0.7977    0.3688   0.03525   0.03054         0
   116/299      2.6G   0.04567   0.05843         0    0.1041         7       416    0.2767     0.837    0.6463    0.2751   0.03879   0.03232         0
   117/299      2.6G   0.04806   0.05647         0    0.1045         7       416    0.3175    0.8696    0.7683    0.3657   0.03727   0.02872         0
   118/299      2.6G    0.0451   0.05764         0    0.1027         9       416    0.4893    0.8478    0.8015    0.4089   0.03306   0.02863         0
   119/299      2.6G    0.0447   0.05745         0    0.1022        11       416    0.3727    0.8804    0.7654    0.3798   0.03277   0.02914         0
   120/299      2.6G   0.04364   0.05175         0   0.09539         3       416    0.4148    0.9022     0.839    0.4195   0.03322   0.02841         0
